'2023-08-29 10:09:04.244433', 29.2, 24.7, 25.4, 24.5, -4473.9, -4473.9
'2023-08-29 10:09:05.307180', 29.2, 24.7, 25.4, 24.5, -4473.9, -4473.9
'2023-08-29 10:09:06.357274', 29.2, 24.7, 25.4, 24.5, -4473.9, -4473.9
'2023-08-29 10:09:07.371305', 29.2, 24.7, 25.4, 24.5, -4473.9, -4473.9
'2023-08-29 10:09:08.391245', 29.2, 24.7, 25.4, 24.5, -4473.9, -4473.9
'2023-08-29 10:09:09.408516', 29.2, 24.7, 25.4, 24.5, -4473.9, -4473.9
'2023-08-29 10:09:10.441955', 29.2, 24.7, 25.4, 24.5, -4473.9, -4473.9
'2023-08-29 10:09:11.456853', 29.2, 24.7, 25.3, 24.5, -4473.9, -4473.9
'2023-08-29 10:09:12.462614', 29.2, 24.7, 25.3, 24.5, -4473.9, -4473.9
'2023-08-29 10:09:13.503689', 29.2, 24.7, 25.3, 24.4, -4473.9, -4473.9
